stop_id,stop_code,stop_name,stop_desc,stop_lat,stop_lon,location_type,wheelchair_boarding
1713,1713,Research Ctr/N Knollwood Nbnd,817,37.2026409031535,-80.4058557990704,0,0
1703,1703,Airport,737,37.2052810194276,-80.4085056845546,0,0
1706,1706,Kraft/Tech Center Dr Sbnd,760,37.2042745131338,-80.409947396072,0,0
1715,1715,Kraft/Moss Bldg Sbnd,823,37.20188854348,-80.4098241275444,0,0
1707,1707,Pratt/Kraft Wbnd,761,37.2011294782835,-80.4106489068656,0,0
1708,1708,Pratt/Garvin Bldg Nbnd,762,37.2016940833148,-80.4117284960585,0,0
1709,1709,Pratt/Andrews Bldg Nbnd,763,37.2036781908486,-80.4124430282205,0,0
1722,1722,Research Ctr/Innovation Nbnd,,37.2063423518146,-80.4192722093625,0,0
1723,1723,Innovation/Smoot Ebnd,,37.20869,-80.418273,0,0
1724,1724,Innovation/Smoot Wbnd,,37.209374,-80.416945,0,0
1154,1154,English Field,,37.2183690731299,-80.4250590480069,0,0
1122,1122,Food Science Bldg,726,37.2206413949012,-80.4243806535406,0,0
1126,1126,Harper Hall,732,37.2223336829146,-80.4234779133486,0,0
1148,1148,Price Hall ,,37.2255111681882,-80.4251607822649,0,0
1149,1149,Hahn Hall,,37.2274642507124,-80.4262766863534,0,0
8116,8116,Orange Bay 16,,37.230849,-80.426966,0,0
8003,8003,Maroon Bay 3,,37.231765,-80.424925,0,0
1422,1422,Main/Collegiate Ct Sbnd,125,37.2343084057753,-80.419524337025,0,0
1440,1440,Main/Faculty Sbnd,,37.2322529152206,-80.4168893926873,0,0
1600,1600,Main/Roanoke Sbnd,127,37.2296990293085,-80.414330238958,0,0
1500,1500,Roanoke/Church Ebnd,200,37.230159028182,-80.4127222545578,0,0
1501,1501,Roanoke/Wharton Ebnd,201,37.231247,-80.411105,0,0
1502,1502,Roanoke/Rutledge Ebnd,202,37.2318126101382,-80.4102640098491,0,0
1503,1503,Roanoke/Woolwine Ebnd,203,37.2326950569567,-80.4089711850268,0,0
1504,1504,Harding/Silverleaf Ebnd,204,37.2357930085536,-80.4083086793607,0,0
1506,1506,Harding/Patrick Henry Ebnd,206,37.2377778433429,-80.4058853033713,0,0
1507,1507,Harding/Apperson Ebnd,207,37.2385825060953,-80.404277318971,0,0
1508,1508,Harding/Vista Ebnd,208,37.2392316007156,-80.4029925407763,0,0
1509,1509,Harding/Roanoke Ebnd,209,37.2404433108819,-80.4005260367647,0,0
1510,1510,Ascot/Harding Ebnd,210,37.2414538110169,-80.3990040957334,0,0
1511,1511,Ascot/Hampton,211,37.239304,-80.398058,0,0
1512,1512,Ascot/Harding Wbnd,212,37.2414564932261,-80.3990201889884,0,0
1513,1513,Harding/Rucker Wbnd,213,37.240411,-80.400591,0,0
1514,1514,Harding/Sutton Wbnd,214,37.2391994142055,-80.4030582549011,0,0
1515,1515,Harding/Apperson Wbnd,215,37.2384778999375,-80.4044771435545,0,0
1517,1517,Harding/Silverleaf Wbnd,218,37.235422435989,-80.4086371348543,0,0
1518,1518,Roanoke/Woolwine Wbnd,219,37.23255,-80.409175,0,0
1519,1519,Roanoke/Rutledge Wbnd,220,37.2317764003143,-80.4103216773463,0,0
1520,1520,Roanoke/Wharton Wbnd,221,37.23114,-80.411262,0,0
1521,1521,Roanoke/Penn Wbnd,222,37.2303883570664,-80.4123923428292,0,0
1628,1628,Main St Post Office,159,37.229905559415,-80.4145555445287,0,0
1441,1441,Main/Faculty Nbnd,,37.2322131752903,-80.4167396547584,0,0
1431,1431,Main/Turner Nbnd,,37.2339302142817,-80.4190482448964,0,0
8114,8114,Orange Bay 14,,37.230579,-80.426661,0,0
1115,1115,Wright House,716,37.226754,-80.425753,0,0
1116,1116,Litton Reaves Hall,717,37.2224369479678,-80.4235275342183,0,0
1123,1123,McComas Hall,727,37.2211935430622,-80.4222780278211,0,0
1124,1124,Cassell Coliseum,728,37.2231262757257,-80.4194773983644,0,0
1125,1125,Tennis Courts,729,37.2250467374949,-80.4167187462281,0,0
1150,1150,CID LLC,,37.2274122449711,-80.4173534038326,0,0
1100,1100,Newman Library,700,37.2285349505267,-80.4197657358507,0,0
1114,1114,Torgersen Hall,714,37.229666,-80.420837,0,0
1104,1104,Old Security Bldg,704,37.2315538520775,-80.4220983343284,0,0
8005,8005,Maroon Bay 5,,37.231327,-80.425043,0,0
1106,1106,Kelly Hall,706,37.2314612407363,-80.4220442725446,0,0
1142,1142,McBryde Hall,,37.2300729065617,-80.4210668671021,0,0
1143,1143,East Eggleston Hall ,,37.2277633902427,-80.4189576817489,0,0
1144,1144,Vawter Hall,,37.2269039414478,-80.4169513091131,0,0
1145,1145,Miles Hall,,37.2247650683046,-80.4171958821911,0,0
1146,1146,Pritchard Hall,,37.2232565981448,-80.4193514415122,0,0
1147,1147,Student Services Building,,37.2214510154184,-80.4219090955526,0,0
8004,8004,Maroon Bay 4,,37.231611,-80.425148,0,0
1129,1129,Lot 1 at Beamer Way,,37.221923,-80.419706,0,0
1127,1127,Softball Field,,37.219176419529,-80.4194046525458,0,0
1725,1725,Chicken Hill/Southgate Sbnd,,37.2167304983469,-80.4168458772896,0,0
1717,1717,Beamer/Southgate Nbnd,,37.2168968449174,-80.4189852129808,0,0
1152,1152,Lane Stadium at Sterrett,,37.2180590917091,-80.4165741733984,0,0
1153,1153,Lane Stadium,,37.2186497393288,-80.4188602089518,0,0
8007,8007,Maroon Bay 7,,37.231579,-80.424478,0,0
1400,1400,Main/Progress Nbnd,100,37.23806349862,-80.420485,0,0
1401,1401,Main/Montgomery Nbnd,101,37.2391216301394,-80.4199548315975,0,0
1424,1424,Main/Lucas Nbnd,167,37.2403058254901,-80.4191971075056,0,0
1425,1425,Main/Northview Nbnd,168,37.2419191743087,-80.4180316876192,0,0
1426,1426,1200 North Main Nbnd,169,37.2432710077328,-80.4170499990612,0,0
1427,1427,Main/Patrick Henry Nbnd,170,37.2460457531241,-80.4150651642719,0,0
1409,1409,1500 North Main Nbnd,110,37.2490927427466,-80.4129207380367,0,0
1410,1410,Main/Giles Nbnd,111,37.2509823591103,-80.4116051144364,0,0
1411,1411,Main/Red Maple Nbnd,112,37.2531254442409,-80.4109251744106,0,0
1439,1439,Main/Givens Nbnd,,37.2556131932505,-80.4106958455262,0,0
1412,1412,Givens/Main Wbnd,113,37.2560567197522,-80.4114738687096,0,0
1437,1437,Givens/Yale Ebnd,,37.2539624907181,-80.4178377306884,0,0
1436,1436,Givens/Whipple Ebnd,,37.2551373092965,-80.4141905425627,0,0
1413,1413,Whipple/Givens Sbnd,114,37.254792437243,-80.4133928068514,0,0
1428,1428,Whipple/Courtney Sbnd,171,37.2524830551435,-80.4127490766495,0,0
1435,1435,Whipple/Main Sbnd,,37.2509459040315,-80.4123616007174,0,0
1429,1429,1500 North Main Sbnd,172,37.2494964152274,-80.4126364238642,0,0
1416,1416,Main/Patrick Henry Sbnd,119,37.246036365392,-80.4150718697948,0,0
1417,1417,1200 North Main Sbnd,120,37.2432828281606,-80.4170887912833,0,0
1418,1418,Main/Northview Sbnd,121,37.2415302539784,-80.4183173428963,0,0
1419,1419,Main/Lucas Sbnd,122,37.2401609861947,-80.4192990314543,0,0
8110,8110,Orange Bay 10,,37.229561,-80.427317,0,0
1200,1200,Prices Fork/Old Glade Wbnd,224,37.2313687045198,-80.4348960778055,0,0
1201,1201,1410 Prices Fork Rd,225,37.2296158808241,-80.4378170035968,0,0
1202,1202,Prices Fork/Plantation Wbnd,226,37.2255080774729,-80.4446794357705,0,0
1203,1203,Prices Fork/Huntington Wbnd,227,37.2245009079278,-80.4473978547691,0,0
1204,1204,Hethwood Square on Hethwood,228,37.2167788277137,-80.4533697934967,0,0
1205,1205,Tall Oaks/Hethwood Ebnd,229,37.2144882210784,-80.4522285134929,0,0
1206,1206,Tall Oaks/Foxhunt Ebnd,230,37.2157649526456,-80.4504797131109,0,0
1207,1207,Tall Oaks/Heather Ebnd,231,37.2172079811816,-80.4486531286629,0,0
1212,1212,Heather/Tall Oaks Nbnd,236,37.2177310119707,-80.4482695727509,0,0
1213,1213,Heather/Plymouth Nbnd,237,37.2196031939747,-80.4481220512463,0,0
1214,1214,Heather/Huntington Nbnd,238,37.2220426632191,-80.4489146440574,0,0
1215,1215,Prices Fork/Huntington Ebnd,239,37.2249148142852,-80.4463606386196,0,0
1216,1216,Prices Fork/Plantation Ebnd,240,37.2253243461444,-80.445132729121,0,0
1218,1218,Prices Fork/Old Glade Ebnd,242,37.2314196664941,-80.4344079157357,0,0
8111,8111,Orange Bay 11,,37.229738,-80.427082,0,0
1222,1222,Tall Oaks/Colonial Sbnd,,37.2165682742934,-80.4461506275028,0,0
1208,1208,Tall Oaks/Foxtrail Sbnd,232,37.2141073473756,-80.4442838099172,0,0
1209,1209,Stroubles Cr,233,37.2131685741644,-80.4441872503869,0,0
1211,1211,Tall Oaks/Copper Croft Nbnd,235,37.2159969637392,-80.4453178015541,0,0
1420,1420,Main/Montgomery Sbnd,123,37.238916,-80.420067,0,0
8006,8006,Maroon Bay 6,,37.231449,-80.424654,0,0
8002,8002,Maroon Bay 2,,37.231893,-80.424764,0,0
1803,1803,LewisGale Hospital Montgomery,802,37.1874435059693,-80.4104651755372,0,0
2209,2209,Shoppers Way Wbnd,,37.1666684548061,-80.4252441480901,0,0
1801,1801,NRV Theatre,616,37.1642142334112,-80.4291373747073,0,0
1800,1800,Uptown Mall,611,37.1660917798336,-80.4285486297934,0,0
2226,2226,Shoppers Way Ebnd,,37.1666778425382,-80.4252548769268,0,0
1802,1802,Walmart,601,37.161693,-80.425831,0,0
2202,2202,Laurel/Sycamore Ebnd,,37.162334,-80.420922,0,0
2204,2204,DMV on Arbor,,37.1652978459178,-80.4179364691935,0,0
2205,2205,Post Office on Arbor,,37.167588452553,-80.4174496482283,0,0
2206,2206,Arbor/Market Wbnd,,37.1688155632505,-80.4195940744635,0,0
2207,2207,Market/Shoppers Way Sbnd,,37.167082,-80.421249,0,0
8008,8008,Maroon Bay 8,,37.231734,-80.424266,0,0
1402,1402,Lucas/Main Ebnd,102,37.2396795296478,-80.4184031735899,0,0
1403,1403,Lucas/Giles Ebnd,103,37.2393,-80.416711,0,0
1404,1404,Giles/Northview Nbnd,104,37.24095,-80.416242,0,0
1405,1405,Giles/Heights Nbnd,105,37.2429,-80.414471,0,0
1406,1406,Giles/Patrick Henry Nbnd,106,37.2449406829441,-80.4122314102788,0,0
1407,1407,Patrick Henry/Giles Wbnd,107,37.2453121689148,-80.4128751404807,0,0
1408,1408,Patrick Henry/Main Wbnd,108,37.2460765985296,-80.4143503555268,0,0
1414,1414,Seneca Circle,117,37.249051,-80.416995,0,0
1415,1415,Seneca/Patrick Henry Sbnd,118,37.2474163620124,-80.4175582776998,0,0
1438,1438,Patrick Henry/Mary Jane Wbnd,,37.2467498330325,-80.4198314499755,0,0
1326,1326,Progress/Hunt Club Sbnd,410,37.2448736277147,-80.421412612284,0,0
1327,1327,Progress/University Terr Sbnd,411,37.2435016777218,-80.4218699289483,0,0
1328,1328,Progress/Broce Sbnd,412,37.2423429633583,-80.4222481204419,0,0
1340,1340,Progress/Watson Sbnd,,37.2392852448991,-80.422364796541,0,0
1652,1652,Country Club/Main Wbnd,,37.217321,-80.403612,0,0
1653,1653,Country Club/Draper Wbnd,,37.216379,-80.405167,0,0
1654,1654,Country Club/Airport Wbnd,,37.214605,-80.407806,0,0
1655,1655,Airport/Fairview Sbnd,,37.2122,-80.406166,0,0
1656,1656,Hubbard/Kennedy Ebnd,,37.210097,-80.401928,0,0
1609,1609,Fairfax/Ellett Ebnd,139,37.20866514496,-80.3967295823532,0,0
1610,1610,Fairfax/New Kent Ebnd,140,37.2089762812243,-80.3960590300595,0,0
1641,1641,Fairfax Circle,,37.207848,-80.393925,0,0
1611,1611,New Kent/Loudon Ebnd,141,37.2099539464685,-80.3956607219971,0,0
1612,1612,New Kent/Sussex Ebnd,142,37.2114707357568,-80.393687957149,0,0
1613,1613,Grissom/Nellies Cave Nbnd,143,37.2126602955258,-80.3935498233765,0,0
1614,1614,Marlington/Grissom Wbnd,144,37.2130384870194,-80.3941130873032,0,0
1615,1615,Marlington/Emerald Wbnd,145,37.2124577887331,-80.3960751233146,0,0
1616,1616,Marlington/Grayland Wbnd,146,37.211893,-80.398048,0,0
1618,1618,Main/Landsdowne Nbnd,148,37.2119316221826,-80.3997610258585,0,0
1619,1619,Main/Ardmore Nbnd,149,37.2141888562377,-80.4003778035181,0,0
1620,1620,Blacksburg Square,150,37.215795852159,-80.4008377128714,0,0
1621,1621,Main/Cohee Nbnd,151,37.2193736631132,-80.4029034137672,0,0
1622,1622,Main/Sunset Nbnd,152,37.220935124735,-80.4047573119347,0,0
1623,1623,Main/Graves Nbnd,153,37.2223725749476,-80.4063292089897,0,0
1624,1624,Main/Hemlock Nbnd,154,37.223944349524,-80.4080511872799,0,0
1625,1625,Main/Eakin Nbnd,155,37.2251164749334,-80.4093480354159,0,0
1626,1626,Main/Clay Nbnd,156,37.2267633513667,-80.4111652321318,0,0
1151,1151,West Campus/Grove Sbnd,WIP - NOT Active,37.2253493553032,-80.4250894784892,0,0
1132,1132,Life Sciences 1 Bldg,748,37.2206271998859,-80.4245339566583,0,0
1155,1155,Vet Med,,37.2183378431518,-80.4250626131957,0,0
1726,1726,Smoot/Innovation Sbnd,WIP - NOT Active,37.205056,-80.41486,0,0
1705,1705,Pratt Dr/Andrews Bldg Sbnd,746,37.2039905507285,-80.4124822452972,0,0
1701,1701,Pratt Dr/Garvin Bldg Sbnd,735,37.2016307818119,-80.4117192948974,0,0
1702,1702,Pratt/Kraft Ebnd,736,37.2011133850284,-80.4107481486051,0,0
1727,1727,Kraft/Pratt Nbnd,,37.2019086600488,-80.4098174220215,0,0
1728,1728,Kraft/Research Ctr Dr Nbnd,,37.2048282367512,-80.4099224397505,0,0
1729,1729,Research Ctr/Sheliah Sbnd,,37.2031670537112,-80.4058260378378,0,0
1730,1730,Research Ctr/S Knollwood Sbnd,,37.1999070531965,-80.4053126506529,0,0
1711,1711,Research Ctr/Rimrock Sbnd,,37.1960675689043,-80.4039614441039,0,0
1636,1636,Industrial Park/Transportation Res Ebnd,804,37.193635,-80.4002700984639,0,0
1649,1649,Blacksburg Transit,,37.196776,-80.394275,0,0
1650,1650,Commerce/Industrial Park Sbnd,,37.1950247702017,-80.3934921558793,0,0
1651,1651,Industrial Park/Prosperity Wbnd,,37.1939594470719,-80.3965320514122,0,0
1712,1712,Research Ctr/Rimrock Nbnd,,37.1961073278783,-80.4039614441039,0,0
1716,1716,Research Ctr/S Knollwood Nbnd,824,37.1999667406062,-80.4053421560134,0,0
1601,1601,Blacksburg Municipal Building,129,37.227610929466,-80.4120825476696,0,0
1603,1603,Main/Eakin Sbnd,131,37.2247972920416,-80.4089886193865,0,0
1635,1635,Main/Hemlock Sbnd,166,37.2237683852815,-80.4078982432535,0,0
1605,1605,Main/Airport Sbnd,133,37.2221785928695,-80.4061548659381,0,0
1606,1606,Main/Faystone Sbnd,134,37.2195780744734,-80.4032171503801,0,0
1607,1607,Gables Shopping Center,135,37.2155942697426,-80.4008091913611,0,0
1608,1608,Main/Landsdowne Sbnd,137,37.2131216355039,-80.4001131892272,0,0
1648,1648,Main/King Sbnd,,37.2111032730999,-80.3996236860528,0,0
8115,8115,Orange Bay 15,,37.230711,-80.42681,0,0
1131,1131,Bioinfomatics Bldg,747,37.2211521697731,-80.427106942362,0,0
1156,1156,Duck Pond/Smithfield Nbnd,,37.2241191188739,-80.4292801827695,0,0
1117,1117,Overflow Lot Wbnd,721,37.2241787351601,-80.4307739968694,0,0
1130,1130,Oak Lane Nbnd,745,37.2251407398258,-80.4362593847449,0,0
1118,1118,Oak Lane North,722,37.2263368801079,-80.437413331116,0,0
1119,1119,Oak Lane South,723,37.2248603239572,-80.4363565407012,0,0
1120,1120,Overflow Lot Ebnd,724,37.2240907301494,-80.4308310398899,0,0
1136,1136,Duck Pond/Smithfield Sbnd,,37.2240962596951,-80.429328979726,0,0
1121,1121,I Lot/Cage Sbnd,725,37.2206774187492,-80.4267528907509,0,0
8113,8113,Orange Bay 13,,37.230447,-80.426493,0,0
1300,1300,Toms Creek/Winston Nbnd,300,37.2347992500543,-80.4258919016058,0,0
1301,1301,Gilbert Linkous Nbnd,301,37.2365668259005,-80.4268186048757,0,0
1302,1302,Toms Creek/Watson Nbnd,302,37.238024606587,-80.4266053692463,0,0
1303,1303,Toms Creek/McBryde Nbnd,303,37.2402629101433,-80.4271351055583,0,0
1337,1337,Toms Creek/Hunt Club Nbnd,,37.2420827890684,-80.42768227623,0,0
1310,1310,University City/Toms Creek Wbnd,310,37.2429901248923,-80.4296983256818,0,0
1311,1311,Shawnee on University City Wbnd,311,37.242260364969,-80.433388461262,0,0
1312,1312,Shawnee on University City Sbnd,312,37.2410338973869,-80.4352544289222,0,0
1313,1313,University City/Broce Sbnd,313,37.2372021826439,-80.4348479974005,0,0
1314,1314,University City/Glade Sbnd,314,37.2357602721404,-80.4341171336992,0,0
1315,1315,University Mall Sbnd,315,37.2342019559618,-80.4333363573557,0,0
1642,1642,Main/S Hill Sbnd,811,37.2072341863653,-80.3989424049224,0,0
1643,1643,Main/Cedar Pointe Sbnd,812,37.2031250419095,-80.3992749988601,0,0
1644,1644,Main/South Park Sbnd,813,37.2001477897255,-80.4002687573593,0,0
1657,1657,Professional Park/Southpark Ebnd,NEW and Improved!!,37.1979161728778,-80.4020410108959,0,0
1637,1637,Prosperity/Industrial Park Nbnd,805,37.1942065272561,-80.3976158688022,0,0
1638,1638,Professional Park Nbnd,806,37.1971231483198,-80.4002754996324,0,0
1639,1639,Main/Cedar Pointe Nbnd,808,37.2009162426541,-80.3999549388859,0,0
1640,1640,Main/S Hill Nbnd,809,37.2069565777157,-80.3989129006215,0,0
1304,1304,Broce/Toms Creek Ebnd,,37.241424306716,-80.4259978488682,0,0
1305,1305,Progress/Broce Nbnd,305,37.2423738087639,-80.4222440971282,0,0
1306,1306,Progress/University Terr Nbnd,306,37.2442285564082,-80.4214877141409,0,0
1307,1307,Progress/Patrick Henry Nbnd,307,37.245230361535,-80.4214997840822,0,0
1308,1308,1575 Patrick Henry Wbnd,308,37.2449353185258,-80.425218667103,0,0
1309,1309,Patrick Henry/Toms Creek Wbnd,309,37.2438103490764,-80.428044078086,0,0
8117,8117,Orange Bay 17,,37.231019,-80.427163,0,0
1316,1316,University Mall Nbnd,400,37.2345752855882,-80.4334315915961,0,0
1318,1318,University City/Broce Nbnd,402,37.2374150607952,-80.4348693885332,0,0
1319,1319,Shawnee on University City Nbnd,403,37.2413886759364,-80.434962083442,0,0
1320,1320,Shawnee on University City Ebnd,404,37.2423224450967,-80.4328907087586,0,0
1322,1322,University City/Toms Creek Ebnd,406,37.2429844485693,-80.429562848508,0,0
1323,1323,Patrick Henry/Toms Creek Ebnd,407,37.2440528717073,-80.4275937633272,0,0
1324,1324,1575 Patrick Henry Ebnd,408,37.2451177087496,-80.4247385516607,0,0
1325,1325,Patrick Henry/Progress Ebnd,409,37.24579898988,-80.4228449119833,0,0
1220,1220,Heather/Plymouth Sbnd,,37.2199907732004,-80.44809388805,0,0
8009,8009,Maroon Bay 9,,37.231916,-80.42403,0,0
1433,1433,Patrick Henry/Mary Jane Ebnd,Full Service Only,37.2467025117103,-80.4197585788409,0,0
1434,1434,Patrick Henry/Seneca Ebnd,,37.2469188122105,-80.4165162394354,0,0
2200,2200,Conston/Spradlin Frarm Wbnd,,37.158256,-80.423157,0,0
2227,2227,Conston/Farmview,,37.156785,-80.423658,0,0
2201,2201,Farmview/Ridinger Ebnd,,37.156465,-80.421246,0,0
8112,8112,Orange Bay 12,,37.229889,-80.426906,0,0
1221,1221,Carpenter Blvd/Redd Circle,Full Service only,37.225667,-80.447849,0,0
1339,1339,Progress/Watson Nbnd,,37.2389392399156,-80.4221019400419,0,0
1338,1338,Toms Creek/Hunt Club Sbnd,,37.2420278037803,-80.4276541130336,0,0
1330,1330,Toms Creek/McBryde Sbnd,414,37.2395400547707,-80.426954056439,0,0
1331,1331,Toms Creek/Watson Sbnd,415,37.238239183321,-80.4265959815142,0,0
1332,1332,Gilbert Linkous Sbnd,416,37.2365467093317,-80.4268118993528,0,0
8001,8001,Maroon Bay 1,,37.232025,-80.42459,0,0
2112,2112,Recreation Center,,37.15039,-80.41583,0,0
2178,2178,North Franklin/Church Sbnd,,37.1423341120681,-80.4151872047894,0,0
2302,2302,North Franklin/Wades Sbnd,,37.1363273046212,-80.4139547296736,0,0
2108,2108,Depot/New Wbnd,,37.1308095312306,-80.414608049585,0,0
2195,2195,Radford/Bower Wbnd,,37.127760328517,-80.4197737824782,0,0
2180,2180,Nugget Ridge Circle,,37.1264581159626,-80.4223057879392,0,0
2181,2181,Nugget Ridge/Radford Nbnd,,37.1275350229463,-80.4222789658474,0,0
2182,2182,Radford/Quesenberry Ebnd,,37.1276704745096,-80.4202404868746,0,0
2183,2183,Radford/Depot Ebnd,,37.1277509407849,-80.4166302333254,0,0
2152,2152,Radford/College Ebnd,,37.1270679016269,-80.4145428339501,0,0
2399,2399,"First\Hickok Ebnd",,37.1278722247009,-80.4090199622264,0,0
2110,2110,Montgomery County Courthouse,,37.1307281929689,-80.4077373688064,0,0
2179,2179,Roanoke/First Ebnd,,37.130467,-80.405432,0,0
2111,2111,Roanoke/Evans Ebnd,,37.13015554131,-80.4020913184936,0,0
2131,2131,Roanoke/Roberts Ebnd,,37.1303955909769,-80.3977292186459,0,0
2100,2100,Montgomery County Govt Center,,37.1314309317727,-80.3933151300737,0,0
2101,2101,Republic/Salem Nbnd,,37.1372177980672,-80.3961917994137,0,0
2104,2104,Depot/Cambria Wbnd,,37.1413030132068,-80.403968347926,0,0
2105,2105,Aquatic Center,,37.1383362792931,-80.4125063367192,0,0
2169,2169,"Lucas\Brown Ebnd",,37.1417087348017,-80.4101595969977,0,0
2172,2172,Montgomery/Cambria Ebnd,,37.1426806826468,-80.4057102413955,0,0
2173,2173,Cambria/Church Nbnd,,37.1436403479362,-80.4054990652501,0,0
2174,2174,Cambria/Progress Nbnd,,37.1466578332578,-80.4046930613931,0,0
2175,2175,Cambria/Tyler Nbnd,,37.148311415214,-80.4050243142262,0,0
2176,2176,Central/Cambria Wbnd,,37.1509989888071,-80.4104598111188,0,0
2177,2177,Central/North Franklin Wbnd,,37.149930128451,-80.4144254573837,0,0
2115,2115,Exit 118 Park and Ride,,37.133925336951,-80.3717886930602,0,0
2187,2187,Roanoke/Roger Ebnd ,,37.1353513486303,-80.3692550667932,0,0
2188,2188,Roanoke/Motor Ebnd ,,37.1362001209609,-80.3624867292168,0,0
2197,2197,Hampton Blvd Nbnd,,37.1390304226146,-80.3523759128913,0,0
2189,2189,Hampton Blvd Sbnd ,,37.1407547542206,-80.3523161010076,0,0
2190,2190,Hampton/Roanoke Sbnd ,,37.1382038408012,-80.3529618258094,0,0
2191,2191,Roanoke/Industrial Wbnd ,,37.1367522007982,-80.3601970212774,0,0
2113,2113,Simmons/Hammes Nbnd,,37.136386313223,-80.3700000268221,0,0
2153,2153,Electric Way/Fisher St Wbnd,,37.1366411023996,-80.3756033607355,0,0
2154,2154,Simpson Rd/Village Ln Wbnd,,37.139113,-80.378295,0,0
2155,2155,Electric Way/Fisher St Ebnd,,37.136589943477,-80.3751897988366,0,0
2192,2192,Roanoke/Falling Branch Wbnd,,37.1330818315197,-80.3766344712159,0,0
2116,2116,Roanoke/Hungate Wbnd,,37.1336332275745,-80.3836457293802,0,0
2117,2117,Roanoke/East Wbnd,,37.1315100569433,-80.3931153054902,0,0
2118,2118,Roanoke/Craig Wbnd,,37.130478020416,-80.3972942656143,0,0
2119,2119,Roanoke/Evans Wbnd,,37.1301635879376,-80.4026706756753,0,0
2120,2120,Christiansburg Town Hall,,37.1305661407307,-80.4079648970527,0,0
2398,2398,"First\Hickok Wbnd",,37.1279546568886,-80.4090057014713,0,0
2194,2194,Radford/College Wbnd,,37.1271112338967,-80.4145045825544,0,0
2196,2196,Depot/Sheltman Ebnd,,37.1302561241541,-80.4153239974573,0,0
2301,2301,North Franklin/Wades Nbnd,,37.1365123770542,-80.4138058670644,0,0
2170,2170,North Franklin/Church Nbnd,,37.1420310224313,-80.4150007912517,0,0
2303,2303,North Franklin/Central Nbnd,,37.1494684237015,-80.4146410718601,0,0